需要的：1，2，3，4，5，10，11，12，13，17

atts = [1 'skin', 2 'l_brow', 3 'r_brow', 4 'l_eye', 5 'r_eye', 6 'eye_g', 7 'l_ear', 8 'r_ear', 9 'ear_r',
10 'nose', 11 'mouth', 12 'u_lip', 13 'l_lip', 14 'neck', 15 'neck_l', 16 'cloth', 17 'hair', 18 'hat']




required_facial_parts = [1,2,3,4,5,10,12,13,17]



1.  skin_colors      = [255, 85 , 0  ]******
2.  left_brow_color  = [255, 170, 0  ]******
3.  right_brow_color = [255, 0  , 85 ]******
4.  eye_color        = [255, 0  , 170]******
5.  eye_color        = [0  , 255, 0  ]******
6.  eye_g_color      = [85 , 255, 0  ]
7.  left_ear_color   = [170, 255, 0  ] 
8.  right_ear_color  = [0  , 255, 85 ]
9.  ear_r_color      = [0  , 255, 170]
10. nose_color       = [0  , 0  , 255]******
11. mouth_color      = [85 , 0  , 255]
12. upper_lip_color  = [170, 0  , 255]******
13. lower_lip_color  = [0  , 85 , 255]******
14. neck_color       = [0  , 170, 255]
15. neck_l_color     = [255, 255, 0  ]
16. cloth_color      = [255, 255, 85 ]
17. hair_color       = [255, 255, 85 ]******
18. hat_color        = [255, 0  , 255]




    part_colors = [[255, 0, 0], [255, 85, 0], [255, 170, 0],
                   [255, 0, 85], [255, 0, 170],
                   [0, 255, 0], [85, 255, 0], [170, 255, 0],
                   [0, 255, 85], [0, 255, 170],
                   [0, 0, 255], [85, 0, 255], [170, 0, 255],
                   [0, 85, 255], [0, 170, 255],
                   [255, 255, 0], [255, 255, 85], [255, 255, 85],
                   [255, 0, 255], [255, 85, 255], [255, 170, 255],
                   [0, 255, 255], [85, 255, 255], [170, 255, 255]]